90
75300826847265690 8261518418721672 373297028391454862
587022330332506710 75527760649129130 175312778407609856
250 180 8
368343935072019540 267318102809965548 163924717898605739
617678570881956600 212032392524324568 323815526341700184
136954494940961280 73093304696359080 206252361653160357
250 180 0
565018701983723768 360418408183392000 4366810555258042
268730947250374810 30969612486836015 220370769158820148
231673860243175672 96175474973701252 5143128828275680
383559415311140402 166843837396756350 675006289322640220
493365223605973264 450528798042911455 737695165889638656
185 183 2
278021243259829440 257979971062493400 463911998354142588
432557330144274720 409345639517845192 165446898272607852
664046928481103390 46852229707078054 45637728648698087
201 200 1
221698042627448100 146178912525454150 16389470401140096
250 180 7
83716485936440 64528193749358 1938563682
367170830405506664 1968088193377358 405256744559600516
90673193592484380 46831348518596952 267909103250045284
120037259506978800 13297862015874150 382324722059839046
944241200996631300 242259594615544632 123571133462185542
347974083229123098 320673186665600320 99451952277727232
1000000000000000000 123456789123456789 987654321987654321
300649489393177782 73581813337728000 464684001023867490
419207806048124808 9477696772386600 411092707308474780
142297327781979860 40867421787744542 387937021871892349
408177997100500200 401595501136817280 294155213762357145
205561667385181119 120145170122748288 15157895919535350
88250149864040208 57066959308069095 107495602565322180
98666454349872745 23148379857762494 76724890440754608
132446667731459565 11191094227443300 530420845402911780
253462616584961972 10567931421935888 267775867591040718
514064136509661024 445593343412882624 18475668280185774
765389065575425400 201438683288972364 8528746013854698
214940384476010862 10703018569558194 72638084380358484
250 180 4
250 180 2
239921271940827983 38664263405904164 572292855763814480
72106149636160675 69504745510204970 270634237692886828
319480330638144992 138289468496064432 284236953298332918
772477760607603687 238547547912122280 11585249370778072
96013867419309042 32596782990594610 367618210047729223
391279766533881459 247399985435506989 183354041923547386
956022712934857120 24497078255131785 277430889995585248
249547091106509124 4783897035775276 87904966708779930
373868218924203009 110068475810000488 176257064294994456
114260432136529880 27971777514809210 185533793830462880
675198952120020504 12693828525390824 98003652468530252
45065654823849248 22145763358690334 171176646724423875
200109538285010289 49363744160568300 240706982980573720
821560774550493706 145619782720204108 56512657057403610
153921450095618896 109904247944577162 62860720914180000
265706450016039120 195800848612380018 146553797709469300
250 180 5
873860681335491140 154400248919512052 46349012138667419
616740931928871920 13551599020239 120993049628257312
307082582931576672 32444830435625575 83483632571934910
495990428810520676 18885738079286169 78234271707244663
444475521822017811 265589661176949173 29406091665712336
695762976748571460 264452967363670360 150838813689150244
590293694070288075 93785113464380310 156743395662723631
221405756146964915 186424654324164710 890504426710054240
426193744388488444 94532054603213952 474070809732471360
388408355958253464 9980799393476562 372157957394749782
214583770295363106 69229185582086495 289202872636535760
183794891922546792 11452403025307152 90439872758023413
245228252012425644 70152821095283836 108951133082862820
603801865643617662 42497323487076815 56149370458221225
329844421563242300 272168307499812438 699224428584740420
650741289190765900 584935419091047174 8077451659288947
497037550136922775 9406677436513318 428375797174706144
455910286617884786 167459099031375530 208782463683555650
706222746519015248 421041598191873960 279578077765942530
238743943600197728 208606168320458552 925003158612580576
446575340883013577 102440853569408994 700169277227689254
356785612347205260 24491933679921605 211160526969766920
470099553951860868 147679126437803736 192062758511508744
250 180 1
307303802051531208 180226421431142088 399411778562072040
462792662510415488 127936207661020066 361379784727679388
77665544332211 11223344556677 0
250 180 6
222408383811329412 41350015118554064 46875626258614713
250 180 3
633017514829209001 103027084569292692 671453054252717880
302620129558596900 195687843452950264 99272987829424991
797158923275936525 373979683273376832 94404445405750808
